17.592
9.1302
13.662
11.854
6.8233
11.886
4.3483
12
6.5987
3.8166
3.2522
15.505
3.1551
7.2258
0.71618
3.5129
5.3048
0.56077
3.6518
5.3893
3.1386
21.767
4.263
5.1875
3.0825
22.638
13.501
7.0467
14.692
24.147
-1.22
5.9966
12.134
1.8495
6.5426
4.5623
4.1164
3.3928
10.117
5.4974
0.55657
3.9115
5.3854
2.4406
6.7318
1.0463
5.1337
1.844
8.0043
1.0179
6.7504
1.8396
4.2885
4.9981
1.4233
-1.4211
2.4756
4.6042
3.9624
5.4141
5.1694
-0.74279
17.929
12.054
17.054
4.8852
5.7442
7.7754
1.0173
20.992
6.6799
4.0259
1.2784
3.3411
-2.6807
0.29678
3.8845
5.7014
6.7526
2.0576
0.47953
0.20421
0.67861
7.5435
5.3436
4.2415
6.7981
0.92695
0.152
2.8214
1.8451
4.2959
7.2029
1.9869
0.14454
9.0551
0.61705
